0 160.0 352.0 0 0
0 448.0 352.0 0 0
0 672.0 352.0 0 0
0 960.0 352.0 0 0
0 1216.0 352.0 0 0
1 -32.0 290.0 0 0
1 -32.0 322.0 0 0
1 -32.0 354.0 0 0
1 -32.0 386.0 0 0
1 -32.0 418.0 0 0
1 0.0 418.0 0 0
1 32.0 418.0 0 0
1 64.0 418.0 0 0
1 96.0 418.0 0 0
1 128.0 418.0 0 0
1 160.0 418.0 0 0
1 192.0 418.0 0 0
1 224.0 418.0 0 0
1 256.0 418.0 0 0
1 288.0 418.0 0 0
1 320.0 418.0 0 0
1 352.0 418.0 0 0
1 384.0 418.0 0 0
1 416.0 418.0 0 0
1 448.0 418.0 0 0
1 480.0 418.0 0 0
1 512.0 418.0 0 0
1 544.0 418.0 0 0
1 576.0 418.0 0 0
1 608.0 418.0 0 0
1 640.0 418.0 0 0
1 672.0 418.0 0 0
1 704.0 418.0 0 0
1 736.0 418.0 0 0
1 768.0 418.0 0 0
1 800.0 418.0 0 0
1 832.0 418.0 0 0
1 864.0 418.0 0 0
1 896.0 418.0 0 0
1 928.0 418.0 0 0
1 960.0 418.0 0 0
1 992.0 418.0 0 0
1 1024.0 418.0 0 0
1 1056.0 418.0 0 0
1 1088.0 418.0 0 0
1 1120.0 418.0 0 0
1 1152.0 418.0 0 0
1 1184.0 418.0 0 0
1 1216.0 418.0 0 0
1 1248.0 418.0 0 0
1 1280.0 418.0 0 0
1 1312.0 418.0 0 0
1 1344.0 418.0 0 0
1 1376.0 418.0 0 0
1 1408.0 418.0 0 0
1 1440.0 418.0 0 0
1 1472.0 418.0 0 0
1 1504.0 418.0 0 0
3 1408 128 0 0
8 1440 386 2 0