-1 1024 480 0 0
0 80 165 1 1
0 240 165 1 1
0 400 165 1 1
0 560 165 1 1
0 720 165 1 1
0 845 165 1 1
0 970 165 1 1
1 -25 130 1 0
1 -25 162 1 0
1 -25 194 1 0
1 -25 226 1 0
1 -25 258 1 0
1 -25 290 1 0
1 0 290 1 0
1 32 290 1 0
1 64 290 1 0
1 96 290 1 0
1 128 290 1 0
1 160 290 1 0
1 192 290 1 0
1 224 290 1 0
1 256 290 1 0
1 288 290 1 0
1 320 290 1 0
1 352 290 1 0
1 384 290 1 0
1 416 290 1 0
1 512 290 1 0
1 544 290 1 0
1 640 290 1 0
1 672 290 1 0
1 704 290 1 0
1 736 290 1 0
1 768 290 1 0
1 800 290 1 0
1 832 290 1 0
1 864 290 1 0
1 896 290 1 0
1 192 226 1 0
1 224 226 1 0
1 896 418 1 0
1 928 418 1 0
1 960 354 1 0
1 992 354 1 0
1 1008 130 1 0
1 1008 162 1 0
1 1008 194 1 0
1 1008 226 1 0
1 1008 258 1 0
1 1008 290 1 0
1 1008 322 1 0
2 96 130 1 0
2 128 162 1 0
2 160 194 1 0
2 736 130 1 0
2 768 162 1 0
2 800 194 1 0
2 832 226 1 0
2 864 258 1 0
7 64 386 2 0
7 320 386 2 0
7 544 386 2 0
7 760 386 2 0
8 96 50 2 0
8 720 42 2 0
9 500 420 1 0
10 928 290 0 1