0 56 384 1 1 
0 184 320 1 1
0 312 384 1 1
0 440 320 1 1
0 568 384 1 1
0 696 320 1 1
0 824 384 1 1
0 952 320 1 1
0 1080 384 1 1
0 1208 320 1 1
0 1312 192 1 1
0 1720 192 1 1
0 1976 192 1 1
0 1464 336 1 1
0 1848 384 1 1
0 2104 384 1 1
0 2232 384 1 1
0 2360 384 1 1
0 2488 384 1 1
0 2616 384 1 1
0 2744 320 1 1
0 2872 192 1 1
0 3008 128 1 1
0 3128 384 1 1
0 3256 192 1 1
0 3384 160 1 1
0 3512 320 1 1
0 3672 160 1 1
0 3768 384 1 1
0 3896 128 1 1
0 4024 192 1 1
0 4152 320 1 1
0 4280 192 1 1
0 4408 252 1 1
0 4536 192 1 1
0 4664 384 1 1
0 4792 320 1 1
0 4920 384 1 1
0 5048 384 1 1
0 5176 320 1 1
0 5304 384 1 1
0 5432 320 1 1
1 -32 320 1 1
1 -32 352 1 1
1 -32 384 1 1
1 -32 416 1 1
1 -32 448.0 1 1
1 0.0 448.0 1 1
1 32.0 448.0 1 1
1 64.0 448.0 1 1
1 96.0 448.0 1 1
1 128.0 448.0 1 1
1 160.0 448.0 1 1 
1 192.0 448.0 1 1
1 224.0 448.0 1 1
1 256.0 448.0 1 1
1 288.0 448.0 1 1
1 320.0 448.0 1 1
1 352.0 448.0 1 1
1 384.0 448.0 1 1
1 416.0 448.0 1 1
1 448.0 448.0 1 1
1 480.0 448.0 1 1
1 512.0 448.0 1 1
1 544.0 448.0 1 1
1 576.0 448.0 1 1
1 608.0 448.0 1 1
1 640.0 448.0 1 1
1 672.0 448.0 1 1
1 704.0 448.0 1 1
1 736.0 448.0 1 1
1 768.0 448.0 1 1
1 800.0 448.0 1 1
1 832.0 448.0 1 1
1 864.0 448.0 1 1
1 896.0 448.0 1 1
1 928.0 448.0 1 1
1 960.0 448.0 1 1
1 992.0 448.0 1 1
1 1024.0 448.0 1 1
1 1056.0 448.0 1 1
1 1088.0 448.0 1 1
1 1120.0 448.0 1 1
1 1152.0 448.0 1 1
1 1184.0 448.0 1 1
1 1216.0 448.0 1 1
1 1248.0 448.0 1 1
1 1280.0 448.0 1 1
1 1312.0 448.0 1 1
1 1344.0 448.0 1 1
1 1376.0 448.0 1 1
1 1408.0 448.0 1 1
1 1440.0 448.0 1 1
1 1472.0 448.0 1 1
1 1504.0 448.0 1 1
1 1536 448.0 1 1
1 1568 448.0 1 1
1 1600 448.0 1 1
1 1632 448.0 1 1
1 1664 448.0 1 1
1 1696 448.0 1 1
1 1728 448.0 1 1
1 1760 448.0 1 1
1 1792 448.0 1 1
1 1824 448.0 1 1
1 1856 448.0 1 1
1 1888 448.0 1 1
1 1920 448.0 1 1
1 1952 448.0 1 1
1 1984 448.0 1 1
1 2016 448.0 1 1
1 2048 448.0 1 1
1 2080 448.0 1 1
1 2112 448.0 1 1
1 2144 448.0 1 1
1 2176 448.0 1 1
1 2208 448.0 1 1
1 2240 448.0 1 1
1 2272 448.0 1 1
1 2304 448.0 1 1
1 2336 448.0 1 1
1 2368 448.0 1 1
1 2400 448.0 1 1
1 2432 448.0 1 1
1 2464 448.0 1 1
1 2496 448.0 1 1
1 2528 448.0 1 1
1 2560 448.0 1 1
1 2592 448.0 1 1
1 2624 448.0 1 1
1 2656 448.0 1 1
1 2688 448.0 1 1
1 2720 448.0 1 1
1 2752 448.0 1 1
1 2784 448.0 1 1
1 2816 448.0 1 1
1 2848 448.0 1 1
1 2880 448.0 1 1
1 2912 448.0 1 1
1 2944 448.0 1 1
1 2976 448.0 1 1
1 3008 448.0 1 1
1 3040 448.0 1 1
1 3072 448.0 1 1
1 3104 448.0 1 1
1 3136 448.0 1 1
1 3168 448.0 1 1
1 3200 448.0 1 1
1 3232 448.0 1 1
1 3264 448.0 1 1
1 3296 448.0 1 1
1 3328 448.0 1 1
1 3360 448.0 1 1
1 3392 448.0 1 1
1 3424 448.0 1 1
1 3456 448.0 1 1
1 3488 448.0 1 1
1 3520 448.0 1 1
1 3552 448.0 1 1
1 3712 448.0 1 1
1 3744 448.0 1 1
1 3776 448.0 1 1
1 3808 448.0 1 1
1 3840 448.0 1 1
1 3872 448.0 1 1
1 3904 448.0 1 1
1 3936 448.0 1 1
1 3968 448.0 1 1
1 4000 448.0 1 1
1 4032 448.0 1 1
1 4064 448.0 1 1
1 4096 448.0 1 1
1 4128 448.0 1 1
1 4160 448.0 1 1
1 4192 448.0 1 1
1 4224 448.0 1 1
1 4256 448.0 1 1
1 4288 448.0 1 1
1 4320 448.0 1 1
1 4352 448.0 1 1
1 4384 448.0 1 1
1 4416 448.0 1 1
1 4448 448.0 1 1
1 4480 448.0 1 1
1 4512 448.0 1 1
1 4544 448.0 1 1
1 4576 448.0 1 1
1 4608 448.0 1 1
1 4640 448.0 1 1
1 4672 448.0 1 1
1 4704 448.0 1 1
1 4736 448.0 1 1
1 4768 448.0 1 1
1 4800 448.0 1 1
1 4832 448.0 1 1
1 4864 448.0 1 1
1 4896 448.0 1 1
1 4928 448.0 1 1
1 4960 448.0 1 1
1 4992 448.0 1 1
1 5024 448.0 1 1
1 5056 448.0 1 1
1 5088 448.0 1 1
1 5120 448.0 1 1
1 5152 448.0 1 1
1 5184 448.0 1 1
1 5216 448.0 1 1
1 5248 448.0 1 1
1 5280 448.0 1 1
1 5312 448.0 1 1
1 5344 448.0 1 1
1 5376 448.0 1 1
1 5408 448.0 1 1
1 5440 448.0 1 1
1 5472 448.0 1 1
1 5504 448.0 1 1
1 5536 448.0 1 1
1 5568 448.0 1 1
1 5600 448.0 1 1
1 1376 320 1 1
1 1408 320 1 1
1 1440 320 1 1
1 1504 256 1 1
1 1536 256 1 1
1 1568 256 1 1
1 1600 256 1 1
1 1632 256 1 1
1 1664 256 1 1
1 1696 256 1 1
1 1728 256 1 1
1 1760 256 1 1
1 1792 256 1 1
1 1856 320 1 1
1 1888 320 1 1
1 1920 320 1 1
1 1952 320 1 1
1 1984 320 1 1
1 2784 256 1 1
1 2784 256 1 1
1 2816 256 1 1
1 2848 256 1 1
1 2880 256 1 1
1 2912 256 1 1
1 2944 256 1 1
1 2976 256 1 1
1 3008 256 1 1
1 3040 256 1 1
1 3072 256 1 1
1 3104 256 1 1
1 3136 256 1 1
1 3168 256 1 1
1 3200 256 1 1
1 3232 256 1 1
1 3264 256 1 1
1 3296 256 1 1
1 3056 128 1 1
1 3056 288 1 1
1 3056 320 1 1
1 3056 352 1 1
1 3056 384 1 1
1 3056 416 1 1
1 3328 320 1 1
1 3360 320 1 1
1 3392 320 1 1
1 3584 288 1 1
1 3616 288 1 1
1 3648 288 1 1
1 3680 288 1 1
1 3712 288 1 1
1 3744 288 1 1
1 3584 320 1 1
1 3584 352 1 1
1 3584 448 1 1
1 3616 352 1 1
1 3616 384 1 1
1 3616 416 1 1
1 3680 320 1 1
1 3680 352 1 1
1 3680 384 1 1
1 3680 416 1 1
1 3776 320 1 1
1 3808 320 1 1
1 3840 320 1 1
1 3904 256 1 1
1 3936 256 1 1
1 3968 256 1 1
1 4000 256 1 1
1 4032 256 1 1
1 4064 256 1 1
1 4096 256 1 1
1 4128 256 1 1
1 4160 256 1 1
1 4192 256 1 1
1 4224 256 1 1
1 4256 256 1 1
1 4288 256 1 1
1 4080 288 1 1
1 4080 320 1 1
1 4080 352 1 1
1 4080 384 1 1
1 4080 416 1 1
1 4352 320 1 1
1 4384 320 1 1
1 4416 320 1 1
1 4448 320 1 1
1 4480 320 1 1
1 4512 320 1 1
1 4544 320 1 1
1 4576 320 1 1
1 4608 320 1 1
1 4640 320 1 1
1 4672 320 1 1
1 5440 384 1 1
1 5536 320 1 1
1 5568 320 1 1
1 5600 320 1 1
1 5616 128 1 1
1 5616 160 1 1
1 5616 192 1 1
1 5616 224 1 1
1 5616 256 1 1
1 5616 288 1 1
1 5616 352 1 1
1 5616 384 1 1
1 5616 416 1 1
1 4032 128 1 1
1 4064 128 1 1
2 1248 416 0 1
2 1280 384 0 1
2 1312 352 0 1
2 1344 320 0 1
2 1440 288 0 1
2 1472 256 0 1
2 1856 288 1 1
2 1824 256 1 1
2 2592 416 0 1
2 2624 384 0 1
2 2656 352 0 1
2 2688 320 0 1
2 2720 288 0 1
2 2752 256 0 1
2 3424 320 1 1
2 3456 352 1 1
2 3488 384 1 1
2 3520 416 1 1
2 3168 448 1 1
2 3872 320 1 1
2 3904 352 1 1
2 3936 384 1 1
2 3968 416 1 1
2 3808 448 1 1
2 4320 256 1 1
2 4352 288 1 1
2 4704 320 1 1
2 4736 352 1 1
2 4768 384 1 1
2 4800 416 1 1
2 5472 352 0 1 
2 5504 320 0 1
3 3056 160 1 1
3 4080 160 1 1
4 500 383 2 1
4 532 383 2 1
4 564 383 2 1
4 1400 383 2 1
4 1432 383 2 1
4 2400 383 2 1
4 2432 383 2 1
4 2480 383 2 1
4 2812 383 2 1
4 2862 383 2 1
4 4512 255 2 1
4 4480 383 2 1
4 4544 383 2 1
4 4900 383 2 1
5 1376 286 3 1
5 1760 222 3 1
5 1888 286 3 1
6 3328 256 2 1
6 3328 256 2 1
6 3840 256 2 1
6 3840 256 2 1
9 3168 478 2 1
9 3808 478 2 1
10 2016 320 0 1 
10 3584 384 0 1
10 3584 416 0 1 
10 5472 384 0 1 